58724.962651274
58724.969017661
58724.970650465
58724.970715464
58724.971621807
58724.971795673
58724.973164234
58724.973294692
58724.973315882
58724.973430444
58724.974034678
58724.974622802
58724.975333910
58724.975827187
58724.976403537
58724.979800125
58724.981515494
58724.981515628
58724.983679670
58724.987275493
58724.987452304
58724.987467774
58724.987468103
58724.989651176
58724.990468879
58724.992182123
58724.993445518
58724.995190620
58724.995190653
58724.997333743
58725.876003233
58725.876225404
58725.880203168
58725.880203207
58725.881791164
58725.885653541
58725.885758410
58725.887654087
58725.887654101
58725.888099642
58725.888099645
58725.888616940
58725.888616945
58725.889445554
58725.890731808
58725.893190360
58725.896969716
58725.898777609
58725.900736313
58725.901011470
58725.901011486
58725.901675614
58725.901684753
58725.901684764
58725.902434479
58725.902434492
58725.902874998
58725.903052755
58725.903419641
58725.915557003
58725.916229819
58725.916365197
58725.917651625
58725.918913617
58725.920270328
58725.920543411
58725.920543516
58725.921183791
58725.925513631
58725.927380410
58725.928638589
58725.928938722
58725.928938767
58725.928938805
58725.929864657
58725.931323731
58725.932386703
58725.932956010
58725.936511438
58725.937982134
58725.937984158
58725.939213347
58725.940506707
58725.940908390
58725.941327953
58725.942245365
58725.943248002
58725.945390254
58725.945538912
58725.945934684
58725.946281650
58725.946967027
58725.946976059
58725.946976137
58725.947440402
58725.947440431
58725.947440462
58725.951143410
58725.953997841
58725.954277635
58725.954685243
58725.954685303
58725.955426311
58725.955945044
58725.956416807
58725.956416815
58725.956608320
58725.956957750
58725.957412467
58725.958314159
58725.959789238
58725.959789241
58725.961776128
58725.962338775
58725.962802477
58725.962900390
58725.964332786
58725.965444014
58725.966511348
58725.968064539
58725.970809777
58725.973533113
58725.973860175
58725.973954948
58725.973954961
58725.974858771
58725.976530224
58725.976530252
58725.977864314
58725.978267731
58725.979701515
58725.981471414
58725.981608494
58725.986480751
58725.986480773
58725.986508303
58725.988479474
58725.992262885
58725.992599956
58725.992788134
58725.993465613
58725.994542684
58725.994952635
58725.994952734
58725.995131277
58725.995131283
58725.995459423
58725.995459426
58725.995490050
58725.997697326
58725.998307767
58726.918507224
58726.919059259
58726.921590032
58726.922273689
58726.924095985
58726.924528635
58726.927726974
58726.928036821
58726.929464983
58726.929464997
58726.929640707
58726.931862194
58726.936039377
58726.937128385
58726.938300849
58726.938300869
58726.938411122
58726.942553442
58726.949717610
58726.954890369
58726.954890386
58726.957198400
58726.957198413
58726.957958985
58726.957958996
58726.959484347
58726.959484423
58726.960784931
58726.960784945
58726.965823587
58726.967530175
58726.968353199
58726.969790874
58726.969790915
58726.971092351
58726.972044638
58726.972044650
58726.983188493
58726.983188495
58726.987936974
58726.987936984
58726.989496877
58726.995167647
58726.996145324
58726.998228733
58726.998228757
58726.998228789
58726.998595910
58727.000199730
58727.001202476
58727.001219201
58727.001430927
58727.004049262
58727.004170375
58727.004234516
58727.004234549
58727.005230264
58727.005347047
58727.006365174
58727.008108170
58727.012203200
58727.012321216
58727.012986908
58727.012986914
58727.014227741
58727.014655446
58727.017564085
58727.018478524
58727.018478547
58727.019235532
58727.020509855
58727.023864654
58727.023864719
58727.026817440
58727.026998230
58727.027891965
58727.029127362
58727.029613883
58727.030106509
58727.031383040
58727.031993293
58727.031993302
58727.035075514
58727.035075572
58727.036171631
58727.039598375
58727.043038447
58727.043536157
58727.044230758
58727.048149883
58727.048149906
58727.051034577
58727.054051542
58727.058051523
58727.058051531
58727.062005534
58727.066569033
58727.072072188
58727.075009419
58727.077995899
58727.080254242
58727.087527934
58727.087528001
58727.087870348
58727.092331852
58727.096620708
58727.096620741
58727.097070964
58727.099640113
58727.099640136
58727.894486748
58727.903804424
58727.906568088
58727.908047227
58727.910692196
58727.910692207
58727.911545632
58727.915270908
58727.915750478
58727.918912967
58727.918912974
58727.921086782
58727.921497784
58727.921793235
58727.922446544
58727.922446564
58727.923685152
58727.923993102
58727.923993118
58727.925970166
58727.928556763
58727.938197202
58727.940379082
58727.940379098
58727.945932552
58727.948012392
58727.949899198
58727.950393163
58727.953778656
58727.962349377
58727.962709384
58727.962766806
58727.963493087
58727.963965689
58727.964838323
58727.965134923
58727.970677638
58727.970677717
58727.970677788
58727.970677816
58727.971658543
58727.973011852
58727.976479774
58727.979717135
58727.981083444
58727.981978004
58727.982031236
58727.984559171
58727.986802065
58727.989624890
58727.994825462
58727.996943109
58727.997917937
58727.999875050
58728.001683903
58728.001741661
58728.001741701
58728.002466245
58728.005099678
58728.006869155
58728.012683572
58728.014628541
58728.014753972
58728.014754022
58728.014754076
58728.015102060
58728.020969046
58728.021642554
58728.022013163
58728.023262830
58728.025301656
58728.025301706
58728.025749614
58728.026909373
58728.030213995
58728.030214000
58728.031672211
58728.044366594
58728.044896019
58728.052382221
58728.057160920
58728.057307835
58728.059427792
58728.059427793
58728.067769481
58728.067769482
58728.069110920
58728.075077032
58728.075077042
58728.076347404
58728.077734777
58728.958907809
58728.965670285
58728.968898361
58728.975048150
58728.983983731
58728.984960173
58728.988427881
58728.993927624
58729.002729388
58729.003209837
58729.004947698
58729.006687544
58729.008514024
58729.009406471
58729.014642331
58729.014642592
58729.014642996
58729.014993412
58729.015242789
58729.015584209
58729.015584262
58729.017058848
58729.018066356
58729.018066385
58729.018066512
58729.018066596
58729.018204959
58729.018378565
58729.018476194
58729.018646540
58729.019532739
58729.023094566
58729.023161806
58729.023957615
58729.024756254
58729.027076819
58729.030253301
58729.030253357
58729.031064914
58729.034311978
58729.037216964
58729.037216988
58729.037340178
58729.042565897
58729.043570390
58729.043570454
58729.045838277
58729.047381468
58729.049558315
58729.051243539
58729.052212093
58729.052212138
58729.055188277
58729.056098235
58729.063070333
58729.063625838
58729.065374501
58729.065374568
58729.069051964
58729.069168946
58729.072278756
58729.073079694
58729.076089351
58729.078359904
58729.080879470
58730.871337073
58730.873486930
58730.878462279
58730.880265341
58730.880983008
58730.881875450
58730.885466103
58730.886768291
58730.886768315
58730.886768625
58730.890202679
58730.890244815
58730.890299696
58730.890619232
58730.890935087
58730.891717875
58730.891996590
58730.892710817
58730.893067453
58730.894069353
58730.894543674
58730.894836599
58730.894836760
58730.899666023
58730.900487247
58730.902144470
58730.903022744
58730.903393843
58730.905022970
58730.905046852
58730.906044512
58730.906965636
58730.907008500
58730.907545592
58730.907844147
58730.908489266
58732.868655452
58732.868758525
58732.868916895
58732.869847142
58732.870169445
58732.870480021
58732.870850606
58732.871316874
58732.876086431
58732.876708190
58732.877561933
58732.878372149
58732.878786935
58732.878953286
58732.879987451
58732.880153199
58732.952323411
58732.953026073
58732.953170125
58732.953423290
58732.954034308
58732.954245471
58732.954344729
58732.954595908
58732.954869859
58732.954927574
58732.955664980
58732.955665081
58732.956126048
58732.956126058
58732.956223954
58732.956414380
58732.956414419
58732.957417040
58732.958590896
58732.959134328
58732.959351161
58732.959623565
58732.959754819
58732.960040324
58732.960192916
58732.960739959
58732.962689960
58732.962867196
58732.962914876
58732.962966373
58732.963464708
58732.963779691
58732.963782645
58732.964678668
58732.964964135
58732.965864083
58732.965945818
58732.966705906
58732.967112403
58732.967112405
58732.967296849
58732.967307118
58732.967534865
58732.967534867
58732.967674861
58732.967804005
58732.967804022
58732.969337565
58732.969337593
58732.969435287
58732.970732246
58732.970732256
58732.970815125
58732.972298553
58732.972711886
58732.973036794
58732.973060540
58732.973116815
58732.973186998
58732.973971205
58732.973971228
58732.974367635
58732.974600192
58732.974977695
58732.974977710
58732.975286059
58732.975593219
58732.975965649
58732.975990923
58732.975990932
58732.976424175
58732.976571315
58732.977039631
58732.977563519
58732.977597324
58732.979596159
58732.979835785
58732.979952333
58732.980591159
58732.980598193
58732.981322138
58732.982078055
58732.982584051
58732.983023763
58732.983602733
58732.983666084
58732.983872265
58732.983903349
58732.983903357
58732.985265531
58732.985768403
58732.986154571
58732.986559983
58732.987803415
58732.988103041
58732.988630873
58732.988697512
58732.988990540
58732.989558098
58732.989854519
58732.990345766
58732.990365735
58732.990610342
58732.991126048
58732.991566253
58732.991959144
58733.900010181
58733.901694460
58733.901694603
58733.902458274
58733.902458290
58733.902474103
58733.902474105
58733.903045636
58733.903045750
58733.903382434
58733.905241182
58733.905858627
58733.905858642
58733.906509252
58733.906509255
58733.906509369
58733.907859850
58733.907859872
58733.910312411
58733.910312413
58733.912430508
58733.912430509
58733.912430829
58733.912430833
58733.912851239
58733.912851251
58733.913161412
58733.913161418
58733.913557158
58733.913557162
58733.913711815
58733.913760331
58733.914038777
58733.914038784
58733.915528583
58733.915528588
58733.915571347
58733.915571357
58733.916132811
58733.916722510
58733.916722514
58733.916925760
58733.916925966
58733.916926157
58733.917375268
58733.918090562
58733.918090601
58733.918527059
58733.918653427
58733.918653430
58733.918776494
58733.919049258
58733.919490158
58733.922554366
58733.923172712
58733.924198436
58733.924198899
58733.924199240
58733.924199397
58733.924411719
58733.924411721
58733.925090081
58733.926691786
58733.927318696
58733.927690364
58733.928217035
58733.928217205
58733.928457350
58733.929699545
58733.930019841
58733.930019842
58733.930442763
58733.930559496
58733.930626087
58733.930626091
58733.930637383
58733.930647496
58733.930933352
58733.930933372
58733.931072280
58733.931243100
58735.011288763
58735.014135350
58735.015124262
58735.016395653
58735.016396008
58735.017492352
58735.018551143
58735.018553246
58735.018564200
58735.019356893
58735.019820485
58735.021348982
58735.021948411
58735.022426651
58735.022743110
58735.023312496
58735.023335389
58735.025054035
58735.026639952
58735.027081056
58735.028468657
58735.028658842
58735.029045242
58735.031125232
58735.031125298
58735.031889481
58735.032261719
58735.032660540
58735.032661221
58735.036492035
58735.036766864
58735.037242917
58735.039089158
58735.040177746
58735.040441411
58735.043385137
58735.044176394
58735.046093009
58735.047246612
58736.967291360
58736.967865417
58736.969519157
58736.971724401
58736.972247061
58736.973547441
58736.975329770
58736.975374498
58736.979508692
58736.979508757
58736.980956491
58736.981901942
58736.983522414
58736.983880206
58736.984330166
58736.985641172
58736.988208149
58736.988393799
58736.990630128
58736.992073771
58736.992913357
58736.992944792
58736.994828738
58736.995193502
58736.998264862
58737.000755111
58737.000755868
58737.001628415
58737.003558913
58738.959535574
58738.959716725
58738.960148438
58738.960380572
58738.960380647
58738.960430203
58738.960432021
58738.961418421
58738.963365844
58738.963680861
58738.966470614
58738.967428800
58738.968358882
58738.968358914
58738.968768599
58738.970772520
58738.971650408
58738.971906495
58738.973060545
58738.973109634
58738.973310933
58738.974092719
58738.974207371
58738.974207416
58738.974207585
58738.974354017
58738.976248909
58738.976686641
58738.977426143
58738.977809236
58738.978531047
58738.978700101
58738.979018682
58738.981353825
58738.983485585
58738.983486450
58738.983486491
58738.985892978
58738.987211824
58738.987950018
58738.987950035
58738.988169778
58738.988564430
58738.988588558
58738.988588580
58738.988604877
58738.989113269
58738.989778895
58738.990210552
58738.991138562
58738.991425582
58738.993118070
58738.993118119
58738.994140846
58738.995007935
58738.996852673
58738.997810547
58738.997810628
58741.878721653
58741.896348136
58741.906732710
58741.910679445
58741.910679462
58742.892325834
58742.903374702
58743.920048185
58743.925098512
58743.925818802
58743.940609233
58743.942644605
58744.875032122
58744.884265650
58744.896132117
58744.902384513
58745.926172894
58745.926172925
58745.927117966
58745.927118030
58745.927924896
58745.927924914
58745.930735422
58745.930868265
58745.930975561
58745.933259008
58745.934533431
58745.935009556
58745.937603269
58745.939232967
58745.940414050
58745.941749435
58745.943742922
58745.943743782
58745.943964729
58745.945355618
58745.945703413
58745.945990997
58745.947020581
58745.947020653
58745.947223560
58745.947608685
58745.947690165
58745.948979036
58745.950594876
58745.951244526
58745.954999362
58745.954999429
58745.960029454
58745.960872020
58745.961671011
58745.962176326
58745.965311861
58746.863704905
58746.863830256
58746.864158689
58746.867885553
58746.868681532
58746.869599253
58746.869828208
58746.869975889
58746.870272253
58746.871768215
58746.871768496
58746.872266264
58746.873475142
58746.874139419
58746.874139488
58746.874224209
58746.874356734
58746.874356809
58746.876775877
58746.877364104
58746.877365856
58746.877365898
58746.878485864
58746.880333349
58746.880334883
58746.880663226
58746.880958039
58746.880958054
58746.881450784
58746.883024800
58746.883680246
58746.885677514
58746.885677521
58746.885737604
58746.885993579
58746.888603942
58746.888604000
58746.888684368
58746.889965822
58746.889965929
58746.890092870
58746.891126927
58746.892985825
58746.893043729
58746.893161550
58746.894158655
58746.894497912
58746.894497975
58746.895918159
58746.895918218
58746.895947041
58746.902567494
58747.844561099
58747.845633767
58747.846000743
58747.846408306
58747.848509833
58747.851778271
58747.852664508
58747.852987546
58747.855606907
58747.855848964
58747.860001941
58747.860773095
58747.862167043
58747.863486680
58747.863486702
58747.863746228
58747.863746234
58747.864719127
58747.865709419
58747.866733239
58747.867068664
58748.912227745
58748.912813535
58748.914438871
58748.915072066
58748.915072710
58748.916527244
58748.916561163
58748.916561175
58748.916565383
58748.918503295
58748.918503299
58748.919463421
58748.919463446
58748.922247994
58748.924422443
58748.925020254
58748.925020301
58748.925020502
58748.925665405
58748.926648222
58748.927545205
58748.927545272
58748.927831214
58748.927831873
58748.929596378
58748.930320758
58748.930528970
58748.930822123
58748.931118508
58748.931118544
58748.931655473
58748.932075230
58748.932115398
58748.933152326
58748.933650035
58748.933650064
58748.934887599
58748.937851018
58748.938465774
58748.938941985
58748.939798431
58748.941394457
58748.945900600
58748.946804515
58748.946866461
58748.947411917
58748.947598522
58748.948876932
58748.948914662
58748.949324627
58748.949840485
58748.950668576
58748.950873144
58749.858210514
58749.860341407
58749.860341832
58749.861193920
58749.861193932
58749.862719456
58749.864277268
58749.864472281
58749.864472339
58749.864753009
58749.864753066
58749.865569890
58749.865570886
58749.865570936
58749.865571788
58749.866620701
58749.867805383
58749.868051737
58749.869593574
58749.869844143
58749.869844937
58749.869845058
58749.870237681
58749.872663998
58749.872664035
58749.873348135
58749.873348202
58749.874763108
58749.875195550
58749.877477442
58749.877845465
58749.877845515
58749.879137868
58749.879555245
58749.879556198
58749.879800705
58749.882287004
58749.882833393
58749.885953122
58749.885953127
58749.886585370
58749.889416870
58749.889747623
58749.892547278
58749.892803314
58749.893561664
58749.893592799
58749.893807212
58749.893807289
58749.893808911
58750.856970403
58750.857195899
58750.857410400
58750.859491689
58750.861083486
58750.861199049
58750.861199054
58750.862087196
58750.865324115
58750.865936781
58750.865936809
58750.866604599
58750.868845174
58750.868845200
58750.872682548
58750.875306872
58750.875314446
58750.875896262
58750.876219106
58750.876219131
58750.877520714
58750.877828608
58750.882609781
58750.882609805
58750.885433429
58750.885433500
58750.885898927
58750.886283544
58750.889439340
58750.889771748
58750.889771824
58750.890336940
58750.891145074
58750.893738981
58750.893739005
58750.895322438
58750.895325083
58750.895325158
58750.896021062
58750.896228059
58750.896461873
58751.886061116
58751.886150291
58751.886150310
58751.886892685
58751.887993753
58751.888732152
58751.888732186
58751.888923234
58751.889858224
58751.892093079
58751.895291149
58751.895291175
58751.896068951
58751.897877857
58751.899080043
58751.901850106
58751.901850108
58751.902929247
58751.902929312
58751.904052686
58751.904230597
58751.904324392
58751.905181385
58751.907251453
58751.907359175
58751.909944216
58751.910802356
58751.911106877
58751.913138180
58751.913168389
58751.913168401
58751.913565924
58751.913776590
58751.914470328
58751.917041688
58751.917680922
58751.917745156
58751.919463323
58751.919614615
58751.919902150
58751.919902160
58751.920814646
58751.921799633
58751.921804108
58751.921804174
58752.850066487
58752.850890814
58752.850890877
58752.852098680
58752.852754210
58752.852832819
58752.852931112
58752.853518727
58752.853519176
58752.853611862
58752.854053638
58752.855229355
58752.855529045
58752.856016442
58752.856380724
58752.856622659
58752.856622689
58752.857616458
58752.859493919
58752.859569824
58752.859591869
58752.860348120
58752.862099329
58752.862715898
58752.862715973
58752.862716104
58752.863095467
58752.863095545
58752.863096753
58752.863096849
58752.865429661
58752.869664976
58752.869665049
58752.869665082
58752.870528164
58752.870649850
58752.873390940
58752.873648703
58752.873789845
58752.874643178
58752.874643224
58752.875076921
58752.875077359
58752.875077578
58752.878861316
58752.879848125
58752.879848155
58752.881168217
58752.883093830
58752.884154121
58752.886664847
58752.886885480
58752.886990056
58752.888472990
58753.927697099
58753.928029614
58753.928402208
58753.928402263
58753.929041225
58753.929041253
58753.929368055
58753.929368148
58753.929369222
58753.929369256
58753.929962987
58753.930603042
58753.930689701
58753.932114294
58753.933387639
58753.933387641
58753.933767266
58753.934058433
58753.934436630
58753.935640099
58753.935829568
58753.935830277
58753.936578439
58753.936681557
58753.937992698
58753.938511254
58753.939194735
58753.939194797
58753.939289805
58753.940308787
58753.940524758
58753.940798544
58753.941132301
58753.941361851
58753.942148752
58753.942148780
58753.942511094
58753.942549935
58753.945441245
58753.946301394
58753.946776275
58753.946776744
58753.946885822
58753.947970664
58753.947970711
58753.949288479
58753.952392833
58753.952772196
58753.952772217
58753.952825963
58753.952826043
58753.952903531
58753.952903590
58754.984296416
58754.984941175
58754.984941212
58754.984941335
58754.987095746
58754.987208332
58754.987208380
58754.987209118
58754.987537140
58754.987719067
58754.987733048
58754.989178262
58754.989552169
58754.989552214
58754.990572445
58754.990710551
58754.991775229
58754.992775800
58754.992775813
58754.993681280
58754.993681362
58754.994496278
58754.995154626
58754.996040469
58754.996043103
58754.997254039
58754.997528680
58755.000407219
58755.000407238
58755.000445434
58755.000445904
58755.000548752
58755.000548763
58755.003864649
58755.004740650
58755.006241824
58755.006592410
58755.006875758
58755.007868091
58755.008651718
58755.013064749
58755.013617755
58755.013617786
58755.013887775
58755.013940489
58755.014108161
58755.014420926
58755.014421395
58755.016778532
58755.017582020
58755.018422613
58755.020525183
58755.021036502
58755.021082202
58755.021676912
58755.021859377
58755.022140157
58755.022909893
58755.023399422
58755.023566549
58755.885045688
58755.885112829
58755.885199843
58755.887770633
58755.887916349
58755.889345460
58755.889551295
58755.892229271
58755.892238170
58755.892241124
58755.893744435
58755.894470327
58755.894632086
58755.895460954
58755.895540443
58755.895963795
58755.898783886
58755.898816111
58755.899096592
58755.899138835
58756.843182037
58756.843306344
58756.843764668
58756.845079396
58756.846970180
58756.846971140
58756.847036296
58756.847394000
58756.848295515
58756.848730684
58756.849107671
58756.849107875
58756.849736535
58756.850108749
58756.850223938
58756.850224192
58756.850858274
58756.850858300
58756.851647064
58756.851647120
58756.851651577
58756.851651620
58756.851702464
58756.851702537
58756.852097829
58756.852097863
58756.852515302
58756.852515311
58756.852784688
58756.853475520
58756.853475558
58756.855021790
58756.855021841
58756.855022586
58756.855152253
58756.856002153
58756.856005325
58756.857136633
58756.857136946
58756.857326651
58756.857327243
58756.857545153
58756.857986082
58756.858056970
58756.858909661
58756.859256499
58756.859277409
58756.859624335
58756.859624392
58756.859753799
58756.860198086
58756.860655327
58756.860655378
58756.860846580
58756.861050533
58756.861694854
58756.861694897
58756.862378111
58756.862378176
58756.862547257
58756.863474070
58756.863474100
58756.863606656
58756.863606659
58756.863643121
58756.863643162
58756.863687515
58756.863687565
58756.863895521
58756.863996714
58756.864037176
58756.864037202
58756.864154483
58756.864154511
58756.864154515
58756.864392547
58756.865330196
58756.865881831
58756.866601743
58756.867284494
58756.867285460
58756.867285509
58756.867610375
58756.868795697
58756.868795747
58756.869487947
58756.869569260
58756.873158092
58756.873158168
58756.873899061
58756.874400485
58756.874405434
58756.874465411
58756.874556401
58756.874556405
58756.875561889
58756.875561897
58756.875562655
58756.875562697
58756.876543168
58756.877709332
58756.877836769
58756.878005118
58756.878005229
58756.878005259
58756.878568783
58756.878568788
58756.878747573
58756.879516266
58756.880155134
58756.880155148
58756.880156867
58756.880952123
58756.881128916
58756.881128926
58756.881851668
58756.881851695
58757.898847204
58757.900647731
58757.900647870
58757.900652212
58757.900851357
58757.900851868
58757.901426407
58757.902634777
58757.902634844
58757.903874114
58757.904270860
58757.906360825
58757.910407693
58757.910407763
58757.910442512
58757.910442566
58757.910996034
58757.911052278
58757.911640053
58757.911641774
58757.911642070
58757.912605398
58757.912752257
58757.912756800
58757.912757062
58757.914598243
58757.914789718
58757.914789776
58757.915948383
58757.916997218
58757.918666984
58757.919171542
58757.919244107
58757.919796998
58757.919797049
58757.920250584
58757.920745782
58757.924153111
58757.924153160
58757.924486780
58757.924486791
58757.925393280
58757.925395098
58757.925467366
58757.925899193
58757.925899332
58757.926223123
58757.926223155
58757.928732726
58757.928733407
58757.929089435
58757.929275143
58757.929397204
58757.930444825
58757.930444853
58757.931080339
58757.932525190
58757.933908790
58757.934105718
58757.934179437
58757.934179504
58757.936252457
58757.936252507
58757.936252568
58758.941724526
58758.942392802
58758.944314839
58758.946771395
58758.948500876
58758.948500887
58758.950322738
58758.950323514
58758.951959158
58758.952736480
58758.953999953
58758.954399256
58758.954639406
58758.954647263
58758.955124337
58758.957768074
58758.957815305
58758.958412198
58758.958413205
58758.959051154
58758.959218717
58758.960651799
58758.961364431
58758.961498165
58758.961599684
58758.961977773
58758.964047543
58758.964149351
58758.964645293
58758.965333785
58758.965333839
58758.965789793
58758.965789830
58758.966682751
58758.967035050
58758.967386076
58758.967386144
58758.969537674
58758.969540704
58758.969541746
58758.972134106
58758.972257115
58758.975108267
58758.976065802
58758.976065896
58758.976459145
58758.977114149
58758.977114274
58758.977115130
58758.977494323
58758.979187992
58758.979363536
58758.979363575
58759.940859428
58759.942630007
58759.942630046
58759.944503974
58759.944917880
58759.945921172
58759.948259986
58759.948801736
58759.950124624
58759.952686059
58759.954255518
58759.957235517
58759.958067995
58759.958481061
58759.958675255
58759.960858891
58759.962180533
58759.963779618
58759.964891258
58759.966840818
58759.968798145
58759.969438848
58759.973777022
58759.974463254
58759.975227318
58762.837283751
58762.846231674
58762.856336383
58763.824162405
58763.827898522
58763.843005346
58764.941635526
58764.954426575
58766.928971893
58766.929453314
58766.948905477
58766.948905500
58766.957082611
58766.957082618
58767.954084397
58767.960804219
58767.975740501
58768.908250848
58768.908250875
58768.911726640
58768.925349614
58768.925349679
58768.939750675
58772.905095948
58772.906480993
58772.930215918
58774.924222774
58776.839025151
58776.840308298
58776.840988222
58776.843197662
58776.850893450
58776.850893504
58776.850963341
58776.850963414
58776.855011892
58776.855314910
58776.855315526
58776.855317362
58776.856457273
58776.857352902
58776.857352954
58776.861003441
58776.861252600
58776.868977238
58776.869192493
58776.870213414
58776.870213461
58776.874026246
58776.876920010
58776.877559894
58776.877825786