59307.33458421
59307.33458454
59307.33691735
59307.34946576
59307.35424928
59307.35510945
59307.35819922
59307.36026988
59307.36444168
59307.36934568
59307.37261278
59307.38301794
59307.38661988
59307.39754657
59307.39895019
59307.40295594
59307.40538755
59307.40804308
59307.4104706
59307.41055686
59307.41204161
59308.34090336
59308.34142646
59308.35603867
59308.36733551
59308.36733596
59308.37029418
59308.37351489
59308.37654871
59308.37782165
59308.37988496
59308.38739536
59308.38771757
59308.38919907
59308.38924766
59308.3923598
59308.39343816
59308.39633223
59308.40630923
59308.40852931
59308.40852969
59308.41079118
59309.34867057
59309.35144894
59309.35633752
59309.35666093
59309.36650751
59309.37318289
59309.37787748
59309.37930012
59309.38264543
59309.38568115
59309.38964224
59309.39894815
59309.3989485
59309.40344651
59309.40344671
59309.4050835
59309.40579057
59309.40723892
59309.40778862
59309.40996289
59309.41097827
59309.41636433
59309.41758383
59309.42276945
59310.34008104
59310.34145862
59310.34145908
59310.34232197
59310.346962
59310.35124773
59310.35276156
59310.35398946
59310.35883006
59310.35888685
59310.35888736
59310.36376733
59310.36396341
59310.36945328
59310.37699269
59310.37889157
59310.38343127
59310.38465673
59310.39128915
59310.39221599
59310.39492442
59310.39772848
59310.40007828
59310.40282432
59310.40282456
59310.40284272
59310.40400881
59310.40404747
59311.32818639
59311.33573132
59311.33696979
59311.34210629
59311.34388484
59311.34820179
59311.35055063
59311.35188895
59311.3520767
59311.35207726
59311.35378248
59311.35537679
59311.35793306
59311.35887711
59311.36144135
59311.36253271
59311.36348882
59311.36349007
59311.3636745
59311.36647127
59311.36917683
59311.36962759
59311.37342531
59311.37866982
59311.37926497
59311.37995897
59311.37996061
59311.38109204
59311.38152653
59311.38291895
59311.3916328
59311.39631294
59311.396609
59311.39836375
59311.40022722
59311.40165519
59311.40263982
59311.40583485
59311.40667085
59312.26904628
59312.27629742
59312.28744398
59312.28784024
59312.28838705
59312.2909223
59312.2976085
59312.30352746
59312.31110412
59312.31269895
59312.31578773
59312.31613945
59312.31639675
59312.31681964
59312.31721688
59312.31723722
59312.32101811
59312.3211229
59312.3211642
59312.32116561
59312.32468634
59312.32491563
59312.32601295
59312.3273334
59312.33096699
59312.33374214
59312.33388223
59312.33483522
59312.33483534
59312.33814502
59312.34015132
59312.34439298
59312.34764366
59313.32610275
59313.32740066
59313.32740082
59313.32740111
59313.3286074
59313.32966161
59313.33011935
59313.33052176
59313.33200201
59313.3331622
59313.33316295
59313.33336911
59313.3338388
59313.3345591
59313.33455967
59313.33498542
59313.33498625
59313.33498638
59313.33522928
59313.33788762
59313.33792315
59313.34237592
59313.34315385
59313.34315406
59313.34577201
59313.34641926
59313.34641991
59313.34677926
59313.34964425
59313.35006482
59313.35172676
59313.35172698
59313.35204163
59313.35428968
59313.35429009
59313.35513503
59313.35826581
59313.35844516
59313.35892236
59313.35957316
59313.36037066
59313.36157939
59313.36158061
59313.36158083
59313.36222402
59313.36230543
59313.36230571
59313.36239306
59313.36366245
59313.3647521
59313.36553751
59313.36653867
59313.36654053
59313.36888858
59313.37028645
59313.3716904
59313.37262503
59313.37449025
59313.37459115
59313.37480261
59313.37779667
59313.37803445
59313.37803469
59313.37980827
59313.3812024
59313.38526167
59313.38888727
59313.38981753
59313.39078002
59313.39134008
59313.39134108
59313.39525861
59313.39823843
59313.39955734
59313.39982649
59313.40047711
59313.40224955
59313.40280444
59313.4048631
59313.40486361
59313.40508211
59313.40616333
59314.32242844
59314.32258186
59314.32390802
59314.32771514
59314.32837148
59314.32837169
59314.32847388
59314.32847399
59314.33108737
59314.33108769
59314.33108793
59314.33550495
59314.33550559
59314.33604568
59314.336046
59314.33705537
59314.33705579
59314.33739837
59314.33791297
59314.33872454
59314.34012974
59314.34028204
59314.34044389
59314.34194748
59314.34300875
59314.34443006
59314.34455929
59314.34455974
59314.34583509
59314.3478874
59314.34803586
59314.3487528
59314.34895101
59314.34986225
59314.35095292
59314.35095388
59314.3513749
59314.35287261
59314.35315095
59314.35337957
59314.35361438
59314.35760604
59314.3587138
59314.36022771
59314.3607032
59314.36112634
59314.36123269
59314.36123317
59314.36135184
59314.36268565
59314.36365425
59314.36433591
59314.36488512
59314.36618226
59314.36700038
59314.3670008
59314.36718709
59314.36908368
59314.37138845
59314.37220371
59314.37244247
59314.37251047
59314.37323659
59314.37465593
59314.3749842
59314.37533115
59314.37559412
59314.378148
59314.37840354
59314.37864288
59314.38072794
59314.38082828
59314.38422932
59314.38539872
59314.38565937
59314.38574316
59314.38632404
59314.38813784
59314.39029436
59314.39063769
59314.39083619
59314.39107239
59314.39288691
59314.39340643
59314.39390519
59314.39562365
59314.39562402
59314.39653257
59314.39725253
59314.39760221
59314.39760256
59314.39788281
59314.39838041
59314.3983808
59314.39853703
59314.39864308
59314.40190793
59314.40242262
59314.40276289
59314.40302372
59314.40342723
59314.40376469
59315.31900409
59315.31924302
59315.32006027
59315.32006048
59315.32006074
59315.32067102
59315.32170403
59315.32257221
59315.32437385
59315.32490956
59315.32576701
59315.32619664
59315.32743991
59315.32772215
59315.32808336
59315.32809877
59315.32810068
59315.32812148
59315.32817977
59315.32838593
59315.32937209
59315.3297416
59315.32974178
59315.33074077
59315.33225013
59315.33280454
59315.33340279
59315.33443789
59315.33577519
59315.33671417
59315.33711482
59315.33974511
59315.34000556
59315.34000693
59315.34005377
59315.3408296
59315.34107444
59315.34191804
59315.34277838
59315.34386183
59315.34386214
59315.34528162
59315.34528258
59315.34809835
59315.350593
59315.35230328
59315.35260984
59315.35261128
59315.35285313
59315.3528532
59315.35315074
59315.35354318
59315.35547917
59315.35547939
59315.35586417
59315.3559968
59315.35743192
59315.35907004
59315.3591629
59315.35931636
59315.3622347
59315.36366409
59315.36484331
59315.36519743
59315.36519893
59315.365843
59315.3658436
59315.36652928
59315.36760383
59315.37261378
59315.3754897
59315.37566396
59315.37603116
59315.37619472
59315.37702933
59315.37904039
59315.37983625
59315.38074691
59315.38131337
59315.38147049
59315.3835006
59315.38388435
59315.38389834
59315.38415569
59315.38466822
59315.38472879
59315.38613109
59315.38663335
59315.38755118
59315.38817761
59315.388866
59315.38976357
59315.39003234
59315.3902037
59315.39167549
59315.39389467
59315.39393273
59315.39483121
59315.39595788
59315.39609746
59315.39708953
59315.3984502
59315.39847464
59315.39847503
59315.39973392
59315.40024675
59315.40079559
59315.40085522
59316.31861985
59316.31922755
59316.32001613
59316.32017823
59316.32371255
59316.32539008
59316.32539186
59316.32758533
59316.32896151
59316.32930489
59316.33023948
59316.33023962
59316.33157607
59316.33258074
59316.33563887
59316.33704668
59316.33768745
59316.33850641
59316.33853087
59316.33859528
59316.33894059
59316.33894162
59316.33993911
59316.34034253
59316.34280654
59316.34426478
59316.34542143
59316.34562954
59316.34563001
59316.34563099
59316.34626151
59316.34626174
59316.34703046
59316.34803452
59316.34823114
59316.34856858
59316.34877808
59316.35062088
59316.35081257
59316.3511314
59316.35845732
59316.36190681
59316.36283527
59316.36283571
59316.36375296
59316.36530522
59316.37260809
59316.37260836
59316.37381001
59316.37543734
59316.38038178
59316.38098547
59316.38098657
59316.38300987
59316.38337492
59316.38357182
59316.38740687
59316.38825604
59316.39081055
59316.39155335
59316.39235718
59316.39235761
59316.39548434
59316.39557333
59316.39580381
59316.39622467
59316.39627519
59316.39731734
59316.39752958
59316.39814621
59316.39829344
59316.39829378
59316.39866824
59318.31157568
59318.31237589
59318.31887928
59318.31887938
59318.323029
59318.32343161
59318.32351643
59318.34975619
59318.34976792
59318.35039401
59318.35050208
59318.35203553
59318.35289156
59318.35344433
59318.35357108
59318.35390707
59318.35398436
59318.35410223
59318.35420168
59318.35612936
59318.35698727
59318.35881471
59318.35946811
59318.35985296
59318.36023759
59318.36491844
59318.36781566
59318.3691616
59318.36950609
59318.37292024
59318.37318945
59318.3732886
59318.37336168
59318.37458955
59318.37540558
59318.37703006
59318.37857367
59318.37912787
59318.37926665
59318.38036572
59318.38090052
59318.38152791
59318.38323017
59318.38347429
59318.38409043
59318.384099
59318.38543074
59318.38738951
59318.3885028
59318.3894285
59318.38944015
59318.39098444
59318.39125704
59318.39125781
59318.39220541
59319.31185708
59319.31411348
59319.31535563
59319.31676748
59319.31717118
59319.3184683
59319.31846878
59319.32197573
59319.32204275
59319.32207147
59319.32499848
59319.32768885
59319.32827282
59319.3286456
59319.33095397
59319.3309544
59319.33164755
59319.33164827
59319.33324294
59319.33497234
59319.33687301
59319.33817778
59319.33838326
59319.33849357
59319.33878336
59319.33890777
59319.33975471
59319.3410016
59319.34137937
59319.34228822
59319.34243784
59319.34615649
59319.34947064
59319.35343212
59319.35379153
59319.35473676
59319.35611713
59319.35650479
59319.35841319
59319.36013683
59319.36032109
59319.36055898
59319.36115765
59319.3614323
59319.36279793
59319.36542448
59319.36795434
59319.36795506
59319.37150921
59319.3747176
59319.37471812
59319.37581469
59319.37581499
59319.37816135
59319.37849963
59319.3790573
59319.3790576
59319.37990373
59319.38321594
59319.38533532
59319.38581739
59320.22857875
59320.22858124
59320.23163495
59320.23453922
59320.23868498
59320.24023791
59320.24136549
59320.24916419
59320.2502828
59320.25081131
59320.25259849
59320.25394336
59320.25498122
59320.26033214
59320.26033244
59320.26122124
59320.26283659
59320.26848745
59320.2690096
59320.27064968
59320.27095701
59320.27135499
59320.27183262
59320.27187099
59320.27870022
59320.27870051
59320.27885087
59320.27926463
59320.28304279
59320.28657231
59320.28744041
59320.28912375
59320.2917526
59320.29189098
59320.29198153
59320.29303707
59320.29355314
59320.2950759
59320.29623872
59320.29742863
59320.29752699
59320.29767566
59320.29781524
59320.29944627
59320.29977407
59320.29998664
59320.30019489
59321.22548245
59321.22774398
59321.22784428
59321.22803872
59321.23137511
59321.23165361
59321.23541569
59321.2354164
59321.23753746
59321.23763375
59321.23773863
59321.23773917
59321.23797482
59321.23860756
59321.24135936
59321.24334241
59321.24428173
59321.24559972
59321.25420959
59321.25491129
59321.25735683
59321.25747667
59321.26017955
59321.26629901
59321.26699493
59321.27795354
59321.27806376
59321.2800016
59321.28159934
59321.28182665
59321.28235604
59321.28278252
59322.3004719
59322.30060723
59322.30340927
59322.30421631
59322.30463995
59322.30500865
59322.30584471
59322.30756964
59322.30872324
59322.30927612
59322.30939658
59322.30961218
59322.3101425
59322.3135341
59322.31557261
59322.3155737
59322.31788477
59322.31913238
59322.31913262
59322.32049209
59322.32255243
59322.32305439
59322.32407437
59322.32569608
59322.32619754
59322.33014368
59322.3346205
59322.33499847
59322.33652274
59322.33945266
59322.34226603
59322.34415884
59322.34524008
59322.34690291
59322.34722913
59322.34722954
59322.34808966
59322.35027633
59322.35090328
59322.35369339
59322.35375164
59322.35993688
59322.36001699
59322.36001714
59322.36338482
59322.36442227
59322.3645966
59322.3674586
59322.36778294
59322.3677832
59322.36852349
59322.37092263
59322.37147563
59322.37516191
59322.37516233
59322.37735484
59323.29766878
59323.29915951
59323.29951625
59323.30197204
59323.3021397
59323.3021881
59323.30228852
59323.30228898
59323.30282347
59323.30338872
59323.30358212
59323.30393952
59323.30399163
59323.30556302
59323.30569729
59323.30825713
59323.3083265
59323.309162
59323.30922099
59323.31007345
59323.3116396
59323.31281683
59323.31434369
59323.31479872
59323.3153746
59323.31702278
59323.32565633
59323.32638627
59323.3299013
59323.33137444
59323.33144138
59323.33257816
59323.33491083
59323.3349111
59323.33590575
59323.33883713
59323.33892302
59323.34149782
59323.34153371
59323.34213976
59323.34540061
59323.34621651
59323.3470752
59323.35059886
59323.35156338
59323.35226649
59323.35421864
59323.35582977
59323.3583958
59323.35845089
59323.35845128
59323.35845182
59323.36061068
59323.36122354
59323.36367017
59323.36436458
59323.36515481
59323.3665494
59323.36672925
59323.3694115
59323.37200991
59323.37631557
59323.37651023
59323.37651052
59324.3313358
59324.33380761
59324.33426466
59324.33508726
59324.33648633
59324.33715272
59324.33715384
59324.34788155
59324.34826638
59324.34878566
59324.34878598
59324.34888561
59324.34897753
59324.35219278
59324.35552585
59324.35754652
59324.35757745
59324.35942573
59324.36112431
59324.3611667
59324.37120887
59324.37333315
59324.37453298
59324.37544921
59324.37580587
59324.37682179
59324.38446577
59324.38534648
59324.38831772
59324.38843711
59324.38843846
59324.3899348
59324.3901549
59324.39153747
59324.39265865
59324.39426275
59324.39426372
59324.40011143
59324.40343594
59324.40366222
59324.40662582
59324.40709616
59324.40947271
59324.41015058
59324.41507358
59324.41629993
59324.4177343
59325.2472452
59325.24775487
59325.25024987
59325.25260798
59325.25330689
59325.25343437
59325.25390616
59325.25621882
59325.25621931
59325.25675937
59325.26297797
59325.26412716
59325.26412737
59325.26425253
59325.26439894
59325.28568073
59325.28574333
59325.2857444
59325.28973206
59325.29408246
59325.30550242
59325.32850463
59325.32860479
59325.32860569
59325.33182827
59325.33274496
59325.3358667
59325.34021801
59325.3403728
59325.34039303
59325.34170092
59325.34613698
59325.34721292
59325.36905201
59325.37050186
59325.37208842
59325.37392528
59325.37555792
59325.37557572
59325.3759071
59325.37962676
59325.37966846
59325.38022411
59325.38175305
59325.38297811
59325.38330944
59325.38500374
59325.38534212
59325.38639409
59325.38796585
59326.22368679
59326.22429195
59326.22521533
59326.22648127
59326.22942959
59326.23030908
59326.23066383
59326.234671
59326.23592161
59326.24219365
59326.24222739
59326.24310829
59326.26663509
59326.26844842
59326.26957918
59326.27047428
59326.27319377
59326.278032
59326.27932999
59326.28210892
59326.28282736
59326.28335958
59326.28415166
59326.28513715
59326.30683577
59326.30690942
59326.3093002
59326.31255416
59326.31406985
59326.31457803
59326.31492021
59326.31492115
59326.31632863
59326.31845522
59326.32987529
59326.33180509
59326.33235459
59326.33311164
59326.3337493
59326.33640725
59326.3378539
59326.33835265
59326.33978649
59326.34093313
59326.34123006
59326.34310059
59326.34538567
59326.3465638
59326.35182526
59326.35197838
59326.35197886
59326.35257921
59326.3526161
59326.35494724
59326.35834528
59326.35835154
59326.35866142
59326.36255489
59326.3630308
59326.36356704
59326.36406232
59326.36443691
59326.3667348
59326.36823192
59326.37033797
59327.21655508
59327.21704949
59327.22348311
59327.23378155
59327.2361167
59327.25865096
59327.25947418
59327.26018673
59327.26030519
59327.26177629
59327.26547233
59327.26611943
59327.26806406
59327.27052605
59327.27174347
59327.27311262
59327.2731134
59327.27311403
59327.27502935
59327.27503195
59327.27594655
59327.27706288
59327.2773326
59327.30002259
59327.30119102
59327.30410491
59327.30743516
59327.30799703
59327.30870278
59327.31256787
59327.31336189
59327.31763554
59327.31894917
59327.34464401
59327.34529116
59327.34599381
59327.34667695
59327.34951116
59327.34999545
59327.35128626
59328.26498175
59328.26808393
59328.26836329
59328.27080646
59328.27671335
59328.27700892
59328.27844731
59328.27944764
59328.28431287
59328.2844354
59328.30734348
59328.30878252
59328.30972402
59328.31218004
59328.31354547
59328.31377355
59328.31561108
59328.31781222
59328.32104072
59328.32150018
59328.32285081
59328.32481879
59328.32481897
59328.32481953
59328.32666335
59328.34864943
59328.35119472
59328.35186722
59328.35204577
59328.35444086
59328.35530745
59328.35740264
59328.35780915
59328.3592195
59328.3596121
59328.36315994
59328.36316246
59328.36357664
59328.36391163
59328.36425073
59328.36425114
59328.36521381
59328.36546217
59328.36810367
59328.39095835
59328.39313651
59328.39406119
59328.39513508
59328.39770445
59328.39821555
59328.4000689
59328.40061447
59328.40061659
59328.40377941
59328.40395984
59328.40407473
59328.40424429
59328.40532394
59328.40557505
59328.40721494
59328.40912646
59328.40912685
59329.37955646
59329.38080024
59329.38080157
59329.38246917
59329.38339006
59329.3838111
59329.38495518
59329.38526438
59329.38819366
59329.38863562
59329.39113605
59329.39194853
59329.39439261
59329.39600982
59329.39613561
59329.39687076
59329.39701316
59329.39759555
59329.40351034
59329.40551899
59329.41237566
59329.41365464
59329.41504886
59329.41543753
59329.41543797
59329.41606972
59329.41721977
59329.41819288
59329.42616871
59329.42628078
59329.4318102
59329.43190342
59329.43273091
59329.43372869
59329.4362968
59329.43629749
59329.4378213
59330.24633082
59330.24719378
59330.24741629
59330.24818026
59330.24827539
59330.24839078
59330.24919622
59330.25321582
59330.25321653
59330.2542488
59330.2561904
59330.25755249
59330.25944855
59330.28268913
59330.28472792
59330.28534418
59330.2862232
59330.28642618
59330.28733537
59330.28857376
59330.29074769
59330.29074875
59330.29138536
59330.29472959
59330.29739274
59330.29739335
59330.29861227
59330.32438628
59330.32458497
59330.32564148
59330.32696208
59330.32870424
59330.32917014
59330.32924726
59330.33064991
59330.33169814
59330.33235697
59330.33556843
59330.33556887
59330.33630363
59330.33730884
59330.33839066
59330.34009123
59330.34089628
59330.34103506
59330.34359431
59330.3684994
59330.37427718
59330.37595629
59330.37597614
59331.26315344
59331.26315452
59331.26370546
59331.26428599
59331.26757494
59331.26855025
59331.26861094
59331.2711536
59331.27115521
59331.27261791
59331.27347755
59331.27347954
59331.27441052
59331.27474448
59331.2762166
59331.27671389
59331.27709163
59331.30691031
59331.30724223
59331.30827874
59331.31313595
59331.31393413
59331.314656
59331.31652999
59331.31924004
59331.32108157
59331.32227526
59331.32279122
59331.34647934
59331.34670235
59331.34907693
59331.35180928
59331.35344488
59331.35934004
59331.36012354
59331.36574152
59331.3935459
59331.39468755
59331.39636504
59331.3988473
59331.39956572
59331.4049897
59331.40543201
59334.22724451
59334.22771053
59334.22904467
59334.23072269
59334.23239181
59334.23327347
59334.23482511
59334.23663707
59334.23752137
59334.23950151
59334.23977441
59334.24002438
59334.24002558
59334.24075572
59334.24137133
59334.2454273
59334.24551321
59334.26806997
59334.26866879
59334.26971571
59334.26971616
59334.27421948
59334.2773292
59334.27733157
59334.27737527
59334.27867345
59334.2794249
59334.27984816
59334.28045931
59334.2824823
59334.28485442
59334.28556337
59334.28666373
59334.31055837
59334.31145812
59334.31169967
59334.31227801
59334.31227839
59334.31338179
59334.3146775
59334.31504319
59334.31568173
59334.31659792
59334.31735295
59334.31777544
59334.31885127
59334.31927413
59334.31969281
59334.319693
59334.32077967
59334.32084723
59334.32093413
59334.32169636
59334.32204813
59334.32289951
59334.32483193
59334.32495303
59334.32769317
59334.32838334
59334.32838368
59334.35808034
59334.358275
59334.35918867
59334.35965411
59334.3611034
59334.36349036
59334.36379628
59334.36415006
59334.36457395
59334.36669429
59334.37164512
59334.37218059
59334.37428185
59334.37443828
59334.37444564
59334.37495507
59334.37495557
59336.21508682
59336.21799926
59336.21942432
59336.22010264
59336.22027441
59336.22532921
59336.23002516
59336.23043304
59336.24787945
59336.2489936
59336.25056052
59336.25084203
59336.25475282
59336.25717592
59336.25743848
59336.26036925
59336.26151212
59336.26222465
59336.26562277
59336.26562312
59336.26569182
59336.31132608
59336.31360892
59336.31682042
59336.31704369
59336.32137353
59336.3214585
59336.3219974
59336.32208534
59336.32549015
59336.32735375
59336.35773243
59336.35961969
59336.36726261
59336.3683214
59336.36924148
59336.37072521
59337.20867753
59337.21365241
59337.21410828
59337.21410851
59337.2169293
59337.2172778
59337.21727814
59337.21951783
59337.21954503
59337.22246539
59337.22246564
59337.22246624
59337.2242447
59337.22517282
59337.24895942
59337.25081486
59337.25094977
59337.25106334
59337.25415287
59337.25495273
59337.25606476
59337.25845278
59337.25890703
59337.26112323
59337.26180855
59337.26626927
59337.26655183
59337.2666345
59337.26675032
59337.26693287
59337.28855866
59337.29035382
59337.29035387
59337.29196832
59337.29422743
59337.29521481
59337.29583209
59337.29711661
59337.2984469
59337.3055235
59337.30558969
59337.30573704
59337.30682411
59337.33037032
59337.33049481
59337.33093505
59337.33186455
59337.33214608
59337.33462689
59337.34005841
59337.34077833
59337.3409279
59337.34117331
59337.34161246
59337.34486786
59337.34486815
59337.34545458
59337.34614237
59337.34678624
59337.34727845
59337.34748943
59337.34885658
59337.35026273
59338.28506274
59338.28528115
59338.28619658
59338.28838632
59338.28841056
59338.28841091
59338.29247468
59338.38105811
59338.38552766
59338.38790917
59338.39030769
59338.39113479
59339.25886179
59339.25912113
59339.2593443
59339.26818669
59339.26866625
59339.26866637
59339.26882189
59339.26882257
59339.2688228
59339.2707395
59339.27306362
59339.2735771
59339.27593821
59339.27640282
59339.27694986
59339.31455396
59339.31748351
59339.31989185
59339.32651839
59340.18514694
59340.19152169
59340.19152181
59340.19554215
59340.19628755
59340.22398683
59340.22777277
59340.23449978
59340.23737366
59340.25561066
59340.26086666
59340.2608671
59340.26886421
59340.27086344
59340.27326175
59340.2899977
59340.28999865
59340.29580657
59340.29926125
59341.20531234
59341.21163534
59341.21472685
59341.24565904
59341.25919867
59341.28677148
59341.29029176
59341.292702
59341.29479541
59341.29668227
59341.32681161
59341.33826045
59341.34035408
59343.1918873
59343.19925552
59343.20046467
59343.2061529
59343.20615307
59343.20615327
59343.25236438
59343.27736997
59343.28711688
59343.28746849
59343.28873312
59343.29334755
59343.33080068
59344.22692407
59344.23566547
59344.26734254
59344.27742987
59344.28431463
59344.31271465
59344.31578339
59344.32075871
59344.32383271
59344.32672784
59344.35994101
59345.23374948
59345.24685277
59345.27403733
59345.27999813
59345.28382379
59345.28494796
59345.28514739
59345.31441404
59345.31868507
59345.31890597
59345.32012669
59345.32259821
59345.32988872
59345.35482943
59345.35824606
59345.36201462
59345.36224064
59345.36430673
59345.370773
59346.28128641
59346.2818807
59346.2862951
59346.28846011
59346.29415408
59346.30371259
59346.30511533
59346.32045223
59346.33595841
59346.34630164
59346.34713844
59346.35001195
59346.35063513
59346.36140552
59346.36932554
59346.37427823
59347.16154643
59347.17321397
59347.1735252
59347.17352606
59347.17352682
59347.17813641
59347.18072107
59347.21982524
59347.2230844
59347.22336039
59347.22336114
59347.22336141
59347.22609376
59347.2311343
59347.24496833
59347.24595348
59347.2476943
59347.24931406
59347.25799509
59347.25842779
59347.26034478
59347.26064394
59347.29470484
59347.29703767
59347.30172229
59348.19316267
59348.19341907
59348.19582139
59348.19675285
59348.19925515
59348.19994775
59348.20213781
59348.20293422
59348.2032183
59348.2033057
59348.22902245
59348.23223672
59348.23223716
59348.23223765
59348.23456777
59348.23743059
59348.23782254
59348.23787045
59348.23852642
59348.23938347
59348.23981135
59348.24157808
59348.27221756
59348.27268589
59348.27268632
59348.2728978
59348.2783429
59348.27893755
59348.27893804
59348.27893908
59348.27907879
59348.28252731
59348.28658023
59348.2880697
59348.32720271
59348.32743517
59348.33435516
59348.33435667
59348.33440446
59348.33440499
59348.33456101
59348.3362635
59348.33626391
59348.33736929
59349.16941135
59349.17004785
59349.17649181
59349.17746006
59349.17844731
59349.21021295
59349.21215865
59349.21570177
59349.21570338
59349.2157422
59349.21574256
59349.21911392
59349.22078316
59349.22085059
59349.24655726
59349.2467993
59349.25157901
59349.25376112
59349.25612398
59349.29663317
59349.29722798
59349.29812516
59349.30009114
59349.3057965
59349.30826087
59349.30981855
59350.1632802
59350.16337726
59350.16539963
59350.16803561
59350.17929953
59350.18310923
59350.20477816
59350.20697739
59350.20870506
59350.21170671
59350.21642105
59350.21826975
59350.22018323
59350.22458927
59350.25453149
59350.25461922
59350.25477093
59350.25555074
59350.25672218
59350.25734563
59350.25826963
59350.25832278
59350.25947142
59350.2602241
59350.26389588
59350.26423821
59350.26468297
59350.26468395
59350.26566916
59350.26981598
59350.2712731
59350.27162472
59350.30391067
59350.30418596
59350.30884618
59350.31406455
59350.31619525
59350.31746066
59350.31889995
59351.16745942
59351.16870006
59351.17113256
59351.17114056
59351.17338571
59351.17638351
59351.18102874
59351.18153699
59351.18172217
59351.19515117
59351.19518402
59351.20417755
59351.2071598
59351.20751707
59351.20772878
59351.20782843
59351.20941892
59351.21070246
59351.21286974
59351.21416748
59351.22858857
59351.22971357
59351.2325624
59351.23314186
59351.23746591
59351.23911104
59351.23956592
59351.2406324
59351.24545601
59351.25713474
59351.2587999
59351.25902807
59351.25908601
59351.25927182
59351.26018589
59351.26425141
59351.26469927
59351.26523343
59351.26641201
59351.26845276
59351.27318189
59351.27353582
59351.27389332
59352.24649245
59352.24698453
59352.25657497
59352.25841741
59352.25983048
59352.26433013
59352.26521117
59352.26521152
59352.27763902
59352.27847276
59352.27980775
59352.28037754
59352.28037771
59352.28323584
59352.2834973
59352.28844098
59352.29075715
59352.2917396
59352.2975334
59352.31099644
59352.31476273
59352.31860418
59352.3188125
59352.31990417
59352.32113535
59352.32133453
59352.32175859
59352.32234058
59352.32685772
59352.32811732
59352.34066151
59352.34198467
59352.34206647
59352.34261891
59352.3448861
59352.34979265
59352.3520266
59352.35286421
59352.35379991
59352.35739724
59352.35739846
59353.23346763
59353.23892472
59353.23950966
59353.24054126
59353.24098763
59353.2450196
59353.24583221
59353.24670587
59353.24903576
59353.24990553
59353.25221895
59353.25221913
59353.25224944
59353.25232865
59353.27669605
59353.27672302
59353.27712275
59353.27829588
59353.27880058
59353.27913539
59353.28128512
59353.28159655
59353.28348133
59353.28483328
59353.28716186
59353.29212138
59353.29244434
59354.13845308
59354.14136731
59354.1438
59354.14380022
59354.14765369
59354.14774236
59354.14931889
59354.15119562
59354.15192864
59354.15432579
59354.1546943
59354.15671287
59354.15724957
59354.17790768
59354.17898339
59354.18195936
59354.18319454
59354.18342933
59354.18587368
59354.18850597
59354.18896704
59354.19102709
59354.19241744
59357.13344239
59357.13366943
59357.13398594
59357.13492595
59357.13695923
59357.13734964
59357.13826591
59357.13927858
59357.13927904
59357.14045876
59357.14468673
59357.14468764
59357.14468783
59357.16694689
59357.1673143
59357.16796822
59357.16890181
59357.16890238
59357.16911574
59357.16952447
59357.16983605
59357.17110804
59357.17437071
59357.17918816
59357.17918928
59357.1823314
59357.18411592
59357.18437713
59360.12505553
59360.12564555
59360.13125764
59360.13177791
59360.13226661
59360.13427254
59360.13427267
59360.13427404
59360.13584138
59360.13744953
59360.13880098
59360.14438381
59360.15951605
59360.16561676
59360.16717848
59360.16758728
59360.16818151
59360.16818473
59360.16836278
59360.16864957
59360.16902366
59360.17246319
59360.17382038
59360.17413031
59360.17561689
59360.17605194
59360.17697507
59360.17900902