59880.497991706
59880.499501978
59880.498975661
59880.499336569
59880.502364614
59880.50358616
59880.504064524
59880.498635029
59880.501161509
59880.500137396
59880.502673457
59880.503848613
59880.504142897
59880.500137209
59880.502639672
59880.504234329
59880.504470313
59880.499484293
59880.501581568
59880.50323305
59880.503282601
59880.501657862
59880.4976244
59880.500136741
59880.499336983
59880.499412121
59880.500159178
59880.501495529
59880.503426932
59880.504457251
59880.500295925
59880.5002981
59880.500639465
59880.503427278
59880.50342776
59880.5035375209
59880.503742622
59880.497945389
59880.501670265
59880.501891334
59880.503327893
59880.5034271
59880.503742354
59880.498915641
59880.499502174
59880.499750414
59880.502696016
59880.503924681
59880.500865537
59880.501113342
59880.497624673
59880.497684224
59880.499338112
59880.499483815
59880.500460962
59880.503927716
59880.498128495
59880.498605364
59880.500869151
59880.50244217
59880.502663636
59880.498199601
59880.502355357
59880.504188395
59880.504872518
59880.505793613
59880.507028042
59880.504889525
59880.506960927
59880.505793221
59880.505792451
59880.504985198
59880.506742455
59880.508179841
59880.511024555
59880.511598405
59880.512669941
59880.512677974
59880.512679102
59880.513528025
59880.513661815
59880.513993277
59880.514728372
59880.514729187
59880.517175728
59882.538607635
59882.54044216
59882.545069616
59882.5535633
59882.557643117
59882.557903203
59882.558168147
59882.561102985
59882.561413745
59882.561541812
59884.580077314
59884.580345007
59884.584557934
59884.59544714
59886.587901784
59886.591103746
59886.591314954
59886.591811253
59887.566819109
59887.581194699
59887.582981788
59888.51196385
59888.520898185
59891.556398628
59891.561657182
59895.519855995
59897.498211041
59897.506995769
59900.549299374
59900.550877918
59900.554259507
59900.557737876
59900.560124165
59900.564719599
59903.49126369
59903.499266077
59906.515365547
59906.518642058
59880.506068509
59880.507250177
59880.507603858
59880.507719201
59880.508470226
59880.51283858
59880.513993782
59880.514184487
59880.514230745
59880.51482968
59882.528481094
59882.531470955
59882.535708759
59882.53745715
59882.540740987
59882.540763245
59882.545796788
59882.546080541
59882.547396873
59882.547467215
59882.548970228
59882.549468593
59882.551092042
59882.551574833
59882.55195882
59882.552649683
59882.553174604
59882.557440369
59882.559413991
59882.5601710909
59882.564792161
59882.565385517
59884.581397865
59884.583097851
59884.587748253
59886.588728758
59886.591923492
59886.601519456
59887.576023476
59888.504869467
59888.509677115
59888.513836076
59888.515188156
59891.55146809
59891.557209586
59891.56133302
59895.502021729
59895.519688874
59897.499074883
59900.547807966
59900.54869505
59900.552718592
59900.555652307
59900.558060024
59900.559346539
59900.560163045
59900.561098177
59900.563205527
59903.486981463
59903.486983383
59903.490088474
59903.496711219
59903.503057834
59906.524575744
59880.50738794
59880.508440948
59880.511597986
59880.512325075
59880.512670173
59880.512679567
59880.51288782
59880.513477049
59880.514975302
59882.528053467
59882.529603557
59882.532986316
59882.533333065
59882.533887213
59882.536868001
59882.537894111
59882.546157878
59882.550613072
59882.559084718
59882.559213582
59882.559983248
59882.564229665
59882.5646001
59882.564919711
59884.577732832
59884.58455904
59884.587747871
59887.567086755
59887.571242607
59888.504393421
59888.510782166
59888.51455187
59888.519165632
59888.519280552
59888.520083359
59891.56260698
59895.50301135
59895.503043121
59895.519353047
59897.49710686
59897.505983579
59897.506486577
59897.507735634
59900.554648477
59900.560140485
59900.561350425
59900.565248976
59903.490443993
59903.505129509
59906.528554845
59880.512270781
59880.515185016
59880.515777126
59880.516499155
59882.532763438
59882.532985433
59882.533206831
59882.535514008
59882.540115522
59882.547122363
59882.547615599
59882.551585702
59882.554609551
59882.555003072
59882.555413227
59882.555734759
59882.558679642
59882.558979259
59882.562377596
59882.565962803
59882.566544649
59882.567400745
59884.578779765
59884.594427246
59886.591707032
59886.595245935
59887.569850996
59887.581050575
59888.50302421
59888.503024433
59888.505796433
59891.549351683
59891.565886883
59891.567882251
59895.505112657
59895.510873872
59895.511800524
59895.520656886
59897.507588957
59897.513996916
59897.515535269
59900.556133896
59903.490000774
59903.491891119
59903.49901201
59906.519807982
59906.524986993
59906.52498747
59880.507249927
59880.508628527
59880.50888799
59880.509302383
59880.509569974
59880.511677225
59880.512504307
59880.512884567
59880.515161288
59880.516229679
59882.529225096
59882.532574063
59882.534811043
59882.536867633
59882.538720602
59882.538852603
59882.540740859
59882.544171217
59882.544776962
59882.547294918
59882.548233248
59882.550570708
59882.556249357
59882.561412885
59882.566780983
59882.567081935
59884.578808046
59884.580134367
59884.59043447
59884.59519688
59886.598513706
59887.576466523
59887.577250061
59887.582432369
59888.512504129
59888.513303596
59888.520898413
59891.555431216
59891.556381574
59891.562616906
59891.563148117
59895.508410925
59895.512773101
59895.520220635
59897.5011694279
59897.50576296
59900.54588244
59900.547807752
59900.549777874
59900.553212538
59900.554908892
59900.557211554
59900.557756992
59903.49641861
59903.499012147
59903.500553673
59903.50308611
59906.51822629
59906.524713006
59880.5093933
59880.512086794
59880.514184122
59880.51452709
59880.515158324
59880.51530822
59882.52823278
59882.535071557
59882.535552323
59882.536614235
59882.537893638
59882.538611462
59882.538641773
59882.539669732
59882.546095287
59882.547045213
59882.54746306
59882.554608896
59882.557279947
59882.558254221
59882.562005602
59882.56538741
59882.565690155
59882.566655996
59884.576892356
59884.582327861
59884.585706994
59884.588274307
59884.59286829
59886.58848495
59886.589384227
59886.597538963
59887.569577287
59887.570955828
59887.575912243
59887.577563481
59887.584765046
59888.506953521
59888.516723451
59891.549819254
59891.558605471
59891.559396631
59891.568028269
59895.505867618
59895.507479335
59895.512813911
59895.51288337
59895.521457622
59897.497046207
59897.501908299
59897.506358213
59900.545559858
59900.545585304
59900.545930301
59900.552189671
59900.55248948
59900.557757729
59900.558373967
59903.489913365
59903.497661915
59903.499011819
59903.499335076
59903.50147221
59903.504018188
59880.507584411
59880.509609696
59880.51091171
59880.510932044
59880.511024855
59880.512579251
59880.512953357
59880.513046067
59880.513155184
59880.514387516
59880.517243589
59880.517670051
59882.533290449
59882.535053736
59882.535429416
59882.536849314
59882.537873995
59882.539506597
59882.539515568
59882.551230332
59882.551401285
59882.552916715
59882.559021093
59882.559786926
59882.5615576819
59882.562806953
59882.566444711
59884.578198534
59884.580311341
59886.584464848
59887.570190012
59887.575747147
59887.575748872
59887.576691015
59887.584196958
59887.584475864
59888.515029112
59891.56051818
59891.56372968
59895.504236609
59895.507475439
59895.513867799
59895.51433835
59895.517838092
59897.497244995
59897.499032936
59897.5066426889
59897.508223705
59897.509481809
59897.513525075
59897.513784443
59900.553866063
59900.559566413
59900.562277937
59903.488878866
59903.497326571
59903.50339246
59906.522126196
59906.526637185
59880.509937852
59880.509939559
59880.510920448
59880.511463436
59880.511511583
59880.512678706
59880.512780761
59880.514683789
59880.51763716
59882.527851343
59882.528192558
59882.528997244
59882.535399916
59882.535808806
59882.546009357
59882.553934744
59882.556905596
59882.557576976
59882.557774007
59882.560778268
59882.561544534
59882.562688669
59882.566441871
59882.567056421
59884.58266742
59884.588851393
59884.590961547
59884.59122513
59886.590890549
59886.593228168
59886.601677352
59887.573050641
59887.577250921
59887.58345515
59888.511049516
59888.512865733
59891.553289941
59891.566954693
59895.504150848
59895.521008264
59897.499165146
59897.501111492
59897.502895009
59897.506624926
59897.5073454719
59900.556726228
59900.556728321
59900.557888714
59900.558602191
59900.560163636
59903.496316201
59903.498617308
59903.503429536
59906.519228654
59906.527434717
59880.505234513
59880.505791937
59880.506531912
59880.506629092
59880.51295404
59880.515990026
59880.517039116
59882.528730099
59882.529821865
59882.529852635
59882.533290044
59882.5398606969
59882.541872547
59882.544286525
59882.54911524
59882.549609877
59882.554609223
59882.555923702
59882.55717159
59882.560806785
59882.561963132
59882.562019897
59882.564230957
59882.56585425
59882.565858674
59882.565870256
59882.566923074
59882.567056799
59884.5804260889
59884.589993767
59884.590140335
59884.590498226
59886.587017762
59886.587580135
59886.596923011
59887.583226475
59888.504681197
59888.510338346
59891.567197057
59895.502734278
59895.511643251
59895.513760546
59897.499677523
59897.502975723
59897.504464205
59897.507204169
59900.55300376
59900.557708126
59900.557758293
59900.558060912
59900.56209268
59900.562984734
59903.48770472
59906.524385622
59906.528077443
59880.504776803
59880.509363117
59880.504697373
59880.504984547
59880.50661877
59880.508176611
59880.508628982
59880.50904894
59880.510885332
59880.513993891
59880.513994155
59882.528323288
59882.529913132
59882.531769772
59882.534589281
59882.535400175
59882.537345944
59882.540013396
59882.542191221
59882.5426187789
59882.542927126
59882.548969818
59882.549607079
59882.551561362
59882.555533239
59882.555621981
59882.560147338
59882.560175701
59882.561034933
59882.562144361
59882.562201542
59882.565870588
59882.565870911
59882.566333423
59884.592775142
59886.584489925
59886.584707205
59886.585964923
59886.593295179
59886.596121505
59887.569575812
59887.579238204
59888.505321666
59888.508482362
59888.511962599
59888.521920264
59895.506750119
59895.50721198
59895.515611233
59895.518240596
59895.521770275
59897.501655768
59897.501955118
59897.504708489
59900.547808262
59900.556728726
59900.559452002
59900.559566053
59900.5610372
59900.562741345
59900.562742055
59900.562795526
59900.563204362
59903.493881934
59903.499836818
59903.501472383
59906.522127143
59880.509569974
59880.509609451
59880.511802444
59880.513527215
59880.514233963
59880.514684199
59882.539861552
59882.542136361
59882.542278975
59882.542972678
59882.544723905
59882.5473167
59882.547464125
59882.548435914
59882.550800521
59882.560191061
59882.561471225
59882.564210885
59882.566387872
59884.578151071
59884.578511164
59884.581089027
59884.581295747
59884.581689974
59884.584183109
59884.58741164
59884.590139917
59884.595195128
59884.59544664
59887.573144238
59888.502781285
59888.505175274
59888.508071634
59888.511963573
59888.522139806
59891.556000251
59891.563490843
59891.564968443
59895.506833199
59895.507538486
59895.515888172
59897.500684265
59897.504683755
59897.510625745
59897.514166336
59897.514327632
59900.547807479
59900.552130688
59900.558964833
59900.559959014
59900.561098327
59900.562090404
59900.564055133
59900.564250735
59903.494150186
59903.497961587
59903.500176458
59906.518643568
59906.520591474
59906.522160129
59906.52751447
59880.51206473
59880.513141482
59880.513654792
59882.528237782
59882.528726553
59882.531295569
59882.535400366
59882.536195126
59882.536855097
59882.540739735
59882.542191935
59882.544238005
59882.544839166
59882.545766678
59882.546245772
59882.547943393
59882.548917089
59882.550776896
59882.553093052
59882.555582164
59882.556350846
59882.557228337
59882.557622627
59882.557644669
59882.55874976
59882.560147001
59882.561470601
59884.578779296
59884.580311897
59884.580632605
59884.582604974
59884.5846089289
59884.587746323
59884.587836413
59884.591325564
59884.59159696
59886.585749491
59886.588294941
59886.588485829
59886.596234664
59886.60202269
59887.575746855
59887.580045557
59887.584914919
59887.585078367
59888.515284185
59888.517288653
59891.553884958
59891.556256428
59891.565887483
59891.56703807
59891.567109827
59895.517577413
59897.502894412
59897.507866824
59897.509520653
59897.51421293
59900.5494420879
59900.555374056
59900.560174217
59900.560770286
59900.56282109
59903.487206283
59903.489843051
59880.512837128
59880.513141108
59880.504470613
59882.528742669
59882.533290932
59882.53540084
59882.539698199
59882.546105122
59882.550655782
59882.550656292
59882.553557603
59882.556598359
59882.558794051
59882.562094385
59882.564451238
59882.565182974
59882.565352594
59882.566996674
59884.580311564
59884.583420269
59884.596865772
59886.588157347
59886.598174315
59886.600089806
59887.568053443
59887.572818261
59887.573496071
59887.573700357
59887.575787733
59887.578776726
59888.503109548
59888.50404917
59888.515439004
59891.552662652
59895.505175456
59895.507233461
59895.507768886
59895.510709672
59895.512919173
59895.515015014
59897.499185975
59897.499826722
59897.503258636
59900.553505543
59900.557098145
59900.558059264
59900.558197507
59900.559792571
59900.56196803
59880.510933064
59880.509941135
59880.510499274
59880.514136655
59880.514232948
59880.514383776
59880.516850979
59880.51740757
59882.529064396
59882.529742275
59882.531339023
59882.532283511
59882.533889429
59882.537871364
59882.539569708
59882.548642425
59882.551377998
59882.551383965
59882.551450925
59882.5515223
59882.552805636
59882.556051439
59882.557232028
59882.558810099
59882.560097636
59882.561527795
59882.56483075
59882.565120438
59884.577004973
59884.578403603
59884.582547075
59884.584974983
59884.586635316
59884.589679131
59884.59311206
59886.601623694
59887.58163988
59888.504872107
59888.505174924
59888.513537241
59888.5188091699
59888.520009658
59891.549020962
59891.555327205
59891.563149537
59895.506567133
59895.508347336
59895.512773456
59895.517584003
59897.513479464
59900.552496626
59900.55339638
59900.561097567
59900.565249372
59903.486850272
59903.492659456
59903.498753985
59906.512676719
59906.52216412
59906.528625464
59880.51148348
59880.516498891
59882.529667983
59882.533291155
59882.534650721
59882.5392361429
59882.546276544
59882.546549556
59882.547316327
59882.550195292
59882.556099029
59882.564683094
59882.566716397
59884.578404454
59886.589800234
59886.595456816
59887.581862243
59888.50290564
59888.50439161
59888.509804633
59888.512571991
59888.51458538
59891.55565357
59891.567667252
59895.509191568
59895.511669939
59895.513444272
59895.513868996
59897.499915874
59900.551786657
59900.552131239
59900.553452723
59900.559204604
59900.559204913
59900.561651354
59903.496712898
59903.49674569
59903.499265808
59903.505852777
59906.520592243
59906.5211198
59880.508207317
59880.509602378
59880.511110271
59880.511361264
59880.512677541
59880.513102183
59880.514987912
59880.515184671
59880.516350898
59880.516461053
59882.53028215
59882.531471347
59882.531709638
59882.532896564
59882.532964079
59882.535402409
59882.535573696
59882.537683372
59882.538607776
59882.54457416
59882.544677788
59882.55123075
59882.552289894
59882.552705735
59882.557061198
59882.557331407
59882.559646102
59882.560025905
59882.560156222
59882.565119309
59882.566715569
59884.577744552
59884.579213741
59884.580001507
59884.5871670769
59884.589243812
59884.593112801
59884.593923943
59884.595931597
59884.596510722
59884.596866327
59886.598175189
59886.598426124
59887.573562799
59888.504193104
59888.513303259
59888.515830122
59888.517486663
59888.518174158
59888.522043236
59891.552470805
59891.556934885
59891.562476245
59891.564052249
59895.509691489
59895.512701275
59897.50414493
59897.504920093
59897.507733154
59897.509620399
59897.511881956
59897.515078502
59900.54621621
59900.551181591
59900.5528894
59906.515749352
59906.519826073
59906.526556484
59903.500437578
59903.50174575
59906.51864279
59900.553265144
59900.563293322
59903.487093047
59903.490604575
59903.491021807
59903.493474997
59903.50197497
59906.521094564
59906.529759551
59906.531991362
59909.479397779
59909.470161581
59912.542171435
59909.479999682
59909.481212416
59912.53810585
59912.54853306
59912.551282305
59915.45781714
59918.489579058
59918.488091013
59912.537755474
59912.544253837
59915.45845288
59915.46113976
59915.461267296
59909.472667428
59915.461266577
59915.465622309
59915.466980416
59912.534819443
59912.537273566
59912.544902029
59912.546043821
59912.552326594
59915.457871175
59915.464681508
59915.466981249
59912.542446236
59915.457155736
59918.490003918
59909.464943423
59909.469475119
59915.464951084
59912.534788915
59915.465622669
59915.465379384
59909.469805729
59918.489108897
59909.473539607
59912.534788342
59909.474330408
59912.545486292
59915.464450544
59912.537273061
59912.548798959
59909.481662867
59915.461266286
59909.464276749
59909.474349978
59912.544904651
59912.550867753
59915.457871389
59915.458256122
59915.461803754
59915.461804118
59915.46495341
59909.477140273
59912.542106596
59915.465088072
59912.551627834
59912.534486734
59912.545813899
59915.458912956
59918.496412684
59935.373903586
59918.494637336
59935.378601306
59918.495034239
59918.495675622
59918.496636066
59918.497425838
59918.499036718
59918.499183619
59918.497213729
59935.385348766