59819.72404023027
59819.7283080453
59819.734151807745
59819.738921368364
59819.74068791973
59819.74070197065
59819.74163544287
59819.74319818637
59819.743465883126
59819.74630790902
59819.74704209884
59819.74793548411
59819.74991046733
59819.752407470085
59819.75391953534
59819.754147427695
59819.754216609406
59819.75447074945
59819.75466175987
59819.75892617466
59819.760524829035
59819.76231360565
59819.763137655864
59819.76597949774
59819.7663759607
59819.76669611811
59819.767388375054
59819.7694855028
59819.77078716021
59819.773483271754
59819.7753584296
59819.78464005707
59819.78475377003
59819.78483131748
59819.78500522952
59819.78908329709
59819.79404269611
59819.798680978354
59819.799944919214
59819.72404024393
59819.72404021661
59819.74070200537
59819.74319819794
59819.77348314444
59819.77535872474
59819.79868097384
59758.927461942505
59758.92935199687
59758.95668541898
59758.95668635648
59759.910604414115
59760.93597865088
59760.938661526314
59760.943789362726
59760.95099527447
59760.95683741667
59763.880350852065
59766.0142969958
59766.021247816236
59766.024902895486
59766.916929059684
59767.886264712135
59770.00953113111
59770.011858174264
59770.01574495028
59770.017820721434
59770.01820072572
59770.01981311529
59770.020266820145
59770.02405146999
59781.830847217636
59781.831217752704
59781.8354962044
59781.8358285853
59781.83631746146
59781.837100393284
59781.83738482047
59781.84207116256
59787.87575481388
59787.8757953868
59787.88172559022
59787.88317641104
59787.88342613336
59787.88518173543
59787.88655600301
59787.887410427895
59787.89443145897
59789.80366537627
59789.805154646165
59789.806538451936
59789.82086310332
59790.816479001594
59791.83294317867
59791.8353226525
59791.83630422668
59791.84485492926
59791.84753353387
59791.84845357218
59799.809517257054
59799.80955508113
59799.81043961712
59799.81481690365
59799.8220551316
59799.82227195104
59799.82287889097
59799.82573754418
59799.82862816036
59799.82880479346
59799.82890276916
59800.7941758449
59800.795071235065
59800.795194652885
59800.7953317023
59800.797350795576
59800.79774363828
59800.7978743061
59800.79812405726
59800.7982760436
59800.80002417333
59800.800633835475
59800.80077842922
59800.803118687654
59800.803794936604
59800.804295065536
59800.80508179562
59800.80521833844
59800.80824945115
59800.808292532165
59800.808779425795
59800.8088536839
59800.81186200957
59800.81191974452
59800.8119883892
59800.81425844623
59802.81267270659
59802.813213963185
59802.81371916005
59802.814229573356
59802.81490278283
59802.81522304684
59802.81563603515
59802.8162397333
59802.816758491506
59802.81729073004
59802.817759162914
59802.819120686276
59802.81985063893
59802.820012886616
59802.822264226066
59802.82285587432
59802.823949965976
59802.82395637917
59802.824588876276
59802.82461908646
59802.82496304363
59802.82518137002
59802.82557967801
59802.826808544196
59802.82782278018
59802.828135563745
59802.82929029892
59802.83023308028
59802.83027089972
59802.83047074811
59802.83115031534
59802.83129437413
59804.853936893625
59804.8546719111
59804.85536988344
59804.855465830195
59804.85583769002
59804.856066608074
59804.85634559187
59804.8564220965
59804.856974332724
59804.85716193805
59804.8590958967
59804.859540096244
59804.85967029728
59804.86223069691
59804.86279175374
59804.86378556171
59804.86402428787
59804.86489035244
59804.86527005614
59804.866593492705
59804.8688746053
59804.86928185888
59804.869515906335
59804.87070977901
59804.87105710794
59804.87176408722
59804.87346078651
59804.87348503536
59805.84818420254
59805.84839070486
59805.850178368055
59805.85031675926
59805.85044379558
59805.85055926664
59805.85066299581
59805.8518295259
59805.85192435229
59805.853367650896
59805.85339233757
59805.85340602726
59805.85490007031
59805.85697363673
59805.85774659853
59805.857910441126
59805.85945793103
59805.85946548091
59805.86020852952
59805.86042507119
59805.86068408739
59805.86112089295
59805.86160458508
59805.862083103595
59805.86391598598
59805.86607961837
59805.86647120054
59805.86760947022
59805.86766521096
59805.86802339383
59805.86825507207
59805.87621590671
59806.783545564474
59806.78457942499
59806.78496584513
59806.785223575556
59806.78531385102
59806.78580124986
59806.78604028053
59806.78615477359
59806.78685938133
59806.78786524487
59806.78787384209
59806.78808406905
59806.78883508421
59806.78942703097
59806.78953649693
59806.78953675642
59806.78964095353
59806.791064960344
59806.79368384065
59806.794261257426
59806.794411094226
59806.79456179562
59806.797066506006
59806.79922736444
59806.80020479534
59806.80127237646
59806.8021453569
59808.7734540625
59808.77352858796
59808.7739315625
59808.77417988426
59808.77459641203
59808.77499400463
59808.77514420139
59808.77570994835
59808.77735998886
59808.77760344951
59808.77767645877
59808.77769399349
59808.77776187543
59808.77838531453
59808.77913974046
59808.77937651708
59808.780368484666
59808.781052037906
59808.78326054529
59808.78347487399
59808.78367949205
59808.784210385886
59808.7854839948
59808.78562869388
59808.78630075406
59808.787099330446
59808.78712561517
59808.78803867811
59808.78807939686
59808.78823522209
59808.7883294119
59808.78871375218
59808.78900155311
59808.78930514107
59808.78941087024
59808.78985765264
59808.79002944662
59808.79147301189
59808.791634007255
59808.791752954014
59808.79228031512
59808.792895940125
59808.792938787345
59808.80849723094
59808.84180719292
59808.83256816036
59808.80101024699
59808.802417874744
59808.803672747425
59808.80849725409
59808.81568469362
59808.81897794637
59808.83256817425
59808.81443106051
59808.81568452001
59808.818977911644
59808.82108085537
59808.82295555581
59808.832568182355
59808.83648014807
59808.83791837582
59808.84107312463
59808.841807211444
59808.841852176716
59808.84384168329
59808.84774048199
59808.84790819032
59808.84899156185
59808.850464152565
59808.85098268497
59808.854697789575
59810.74695294119
59810.7471996611
59810.747882518845
59810.748351611546
59810.74945059545
59810.75208131117
59810.75245279959
59810.75253110631
59810.75314865155
59810.754851055586
59810.75529475489
59810.75550556624
59810.75734447513
59810.75765996703
59810.75803400996
59810.75859225556
59810.75908941632
59810.7597792787
59810.76012967545
59810.760670295014
59810.76125072567
59810.76271368075
59810.76525148432
59810.765781830494
59812.8334184817
59812.83399233355
59812.83525399465
59812.83613344731
59812.83798889439
59812.83891327992
59812.83936497678
59812.83976063651
59812.84056913315
59812.84059959843
59812.84060968292
59812.840859520984
59812.84138075941
59812.84155648059
59812.84202262989
59812.84240277583
59812.84249267398
59812.84332325627
59812.844835780794
59812.8449616419
59812.84542829016
59812.84565550891
59812.84576727511
59812.84766039234
59812.84766618517
59812.84980728734
59812.85203743235
59812.852284156885
59812.852291425406
59812.852390215914
59814.72936858796
59814.730801928454
59814.73104599096
59814.73160336144
59814.73305110587
59814.73326465795
59814.733286803785
59814.733678251345
59814.73368077727
59814.734296608294
59814.73599974172
59814.736204812325
59814.736577411866
59814.73663828952
59814.73672831499
59814.737925181755
59814.738260503625
59814.738964171214
59814.73943651531
59814.741677004065
59814.7417226337
59814.74439473714
59814.74469045936
59814.744732502186
59814.745475466414
59814.74588512509
59814.7461865406
59814.746731909916
59814.74674464834
59814.74681774788
59814.74783741801
59814.748422720324
59814.74908677715
59814.74951651221
59815.76137438657
59815.76191759525
59815.76209010775
59815.7622340684
59815.76238853252
59815.7635629332
59815.76442131872
59815.76448024581
59815.76458802127
59815.76480866363
59815.76496379916
59815.765329105874
59815.76536211513
59815.76556099823
59815.765588862865
59815.76558969116
59815.76586500413
59815.76638566686
59815.76675916975
59815.76827102645
59815.768529292654
59815.769520206064
59815.76954188315
59815.76968224773
59815.769720805605
59815.76993646417
59815.7701843196
59815.77084611531
59815.77173544134
59815.77180689389
59815.77321842073
59815.774301084035
59815.7749122809
59815.775582977774
59815.775584228926
59815.77611305704
59815.77624115033
59815.778465068484
59815.7794544355
59815.7795901855
59815.78022789162
59815.78025350504
59815.781382233276
59815.78162722633
59820.83973816261
59820.84055081156
59820.84067122939
59820.8406714516
59820.84071768193
59820.84071833818
59820.84081300138
59820.84085397013
59820.84085663216
59820.84164156283
59820.84208321571
59820.84300421004
59820.84352677843
59820.84352743352
59820.84484140817
59820.844942922515
59820.845180643235
59820.84592901372
59820.845944564644
59820.8459523158
59820.84629373131
59820.846353580375
59820.84688724646
59820.8471730762
59820.84728637852
59820.847402026666
59820.84740851625
59820.84764128824
59820.84769958685
59820.8477867593
59820.84805486936
59820.84835040524
59820.84847065524
59820.84848703835
59820.84855594691
59820.84883379309
59820.849847994585
59820.850895325246
59820.85099121471
59820.85339109351
59820.85340975786
59820.8538260861
59820.85387825091
59820.85501430669
59820.85533673192
59820.855924883195
59820.85601753481
59820.856657016404
59820.85670490297
59820.85729687068
59820.857413915815
59820.85749714614
59820.857994723796
59820.8582987452
59820.85837374752
59820.858473487795
59820.85856056881
59820.859014373214
59820.8590421555
59820.85941574022
59820.85969989299
59822.76611613079
59822.76684911238
59822.76686102904
59822.76847687417
59822.76890278505
59822.76924679905
59822.77049193526
59822.77102824487
59822.77194145046
59822.7723829974
59822.77316785399
59822.77423556093
59822.77597498869
59822.776659570976
59822.77717264319
59822.778153391795
59822.77830646818
59822.77838819735
59822.78028041064
59822.78059112129
59822.78204107405
59822.78242086166
59822.782565207264
59822.782702323006
59822.78351783701
59822.78435515424
59822.785035832596
59822.785386757
59822.78569311279
59822.78583047043
59822.78674882008
59822.78678958976
59823.83522553588
59823.836293525215
59823.83690655809
59823.83890031305
59823.83941173445
59823.83983549371
59823.83989887218
59823.840072125764
59823.84036430979
59823.840418777385
59823.841473763714
59823.84202444543
59823.84394781381
59823.84424922469
59823.844869709756
59823.84496096786
59823.8454023256
59823.84555041009
59823.846230052564
59823.84650435928
59823.84726935591
59823.84756034908
59823.84783514075
59823.849204283324
59823.84930857615
59823.85119387659
59823.851610387814
59823.855043600175
59828.75942658244
59828.76004413695
59828.76158802374
59828.763243521644
59828.76328728553
59828.767997246476
59828.76947775931
59828.769505188946
59829.80064367614
59829.80106922718
59829.80436325771
59829.80451094637
59829.80635306822
59832.77802529293
59832.778560858904
59832.77954625611
59832.779800626486
59832.78076446109
59832.78173609556
59832.78254165123
59832.78555879287
59832.78725581971
59832.78777311264
59832.78920909781
59832.789620181145
59832.790324178946
59832.79213201028
59832.79225409593
59833.808745317554
59833.81031635653
59833.812558393205
59833.815023710085
59833.81613793936
59833.816839593404
59833.81703715531
59833.817854350564
59833.818544883776
59833.81857638192
59833.8228738165
59834.824333539465
59834.82576286144
59834.825883220234
59834.827983880285
59834.82896081071
59834.829329220775
59834.830761851794
59834.83119045016
59834.83163972458
59834.831890411035
59834.83263188256
59834.83322672017
59834.83432612201
59834.835113469344
59834.83530668694
59834.83623656551
59834.838387069314
59834.839590302174
59834.84203531291
59835.740559680184
59835.74291087692
59835.74824004204
59835.749489510774
59836.77025733206
59836.7768196908
59836.777460650395
59836.77966960559
59836.77997178799
59837.712557258026
59837.71328433229
59837.71767717785
59837.72193843776
59837.7232383859
59837.724263073505
59840.79954157418
59841.70943582881
59841.71058077667
59841.712785956566
59841.719800583815
59842.80858189576
59843.75980132419
59843.762346054944
59843.77034367918
59844.82890863337
59854.78043026306
59855.78904836965
59856.760880780355
59862.73711767046
59862.74261548026
59871.7111374515
59871.71237108019
59871.72309134098
59874.70756047541
59874.712004044355
59876.6386554515
59876.640180287366
59876.640819408996
59876.64548898789
59876.64668215988
59876.648035005004
59877.74034578548
59877.743092379096
59877.74686557119
59880.68699221133
59880.68937219847
59880.690564299264
59880.690610365236
59880.697366673856
59880.697586867485
59880.697883309615
59883.67827412048
59883.6824636003
59883.683066802034
59883.68421589103
59883.68956491263
59886.70713605593
59892.710193886945
59900.573944118165
59900.574959990954
59900.57926903212
59900.581170711965
59900.58189280039
59900.58221612284
59900.58338838648
59900.584790194924
59907.6398314273
59907.6413177678
59907.641962218375
59907.64396359451
59907.644853195314
59907.6468915475
59907.64755936358
59907.6476807189
59907.64804518545
59907.648046655355
59907.64860694703
59907.65091233786
59914.61895448677
59914.62105659589
59914.62486539273
59914.62686263843
59914.630526505876
59914.63370975863
59914.63455103536
59921.56763271797
59921.56888990962
59921.569147786475
59935.53528809606
59935.53586972349
59935.54110391523
59935.543573353054
59935.546010643535
59951.49173920232
59951.493970370815
59951.496545384914
59951.49721993942
59951.49754250886
59951.49784516176
59951.49895112251
59951.49924015734
59951.50042719333
59951.50078142955
59951.50086230224
59951.501315111265
59951.50133275131
59951.50157928036
59951.50359999403
59951.50572464201
59951.50697846399
59951.50712073135
59951.507161796166
59951.50807344497
59951.508382307955
59951.50983525957
59951.510380903776
59951.5110109981
59951.511015207594
59951.511386191494
59951.51164538247
59961.46631254894
59961.467956433415
59961.46855484093
59961.469420725305
59961.46978979822
59961.47030709578
59961.473196891355
59961.473900771096
59961.47771757836
59961.48108445668
59978.303116588184
59978.304016994545
59978.304303709825
59978.30444417717
59978.30450476201
59978.30465548771
59978.30528833735
59978.30580764175
59978.30597485691
59978.30682363271
59978.30760847657
59978.30812040087
59978.3084242996
59978.30977409959
59978.311409964386
59978.31269220187
59978.313088686824
59978.31376974712
59978.31378972281
59978.31386235823
59978.313951509845
59989.355657359374
59989.356458393624
59989.35647137279
59989.35648663321
59989.35674365752
59989.356759163304
59989.356778026726
59989.357055574466
59989.35711881214
59989.357132479156
59989.357170894895
59989.35756614258
59989.35797538343
59989.35804343667
59989.35820623412
59989.35820855125
59989.35827339963
59989.35883217173
59989.35919508609
59989.359368203324
59989.359607853556
59989.35963587902
59989.35983115795
59989.359873155634
59989.359873343135
59989.361536543816
59989.361633764645
59989.36224185967
59989.36279845584
59989.36318235063
59989.36321451845
59989.36336871869
59989.36352765734
59989.3637428842
59989.363909177126
59989.36400477782
59989.36428044796
59989.36433887967
59989.36476101288
59989.364852995524
59989.365028281405
59989.365233973534
59989.36549288568
59989.36549869354
59989.36595485095
59989.3659866866
59989.36607124366
59989.36747571461
59989.367519871426
59989.367562274085
59989.36772052258
59989.36781031193
59989.36786052837
59989.36793069851
59989.36799290684
59989.368145360546
59989.36841474029
59989.36850522987
59989.36854951228
59989.36867206089
59989.36867208288
59989.368781818994
60007.21692812627
60007.217130791774
60007.21722087627
60007.21737843646
60007.21756743216
60007.21835806746
60007.21898499407
60007.21983630726
60007.22143633178
60007.22212392911
60007.223417082
60007.223569345995
60007.22405498373
60007.22444789935
60007.2247079144
60007.225591711955
60007.22832317999
60007.22849359666
60007.228531848974
60007.22855604226
60007.228891896535
60007.229370755325
60017.243255733796
60017.243694055556
60017.24414745613
60017.244206601965
60017.24424991099
60017.24463786306
60017.24514820855
60017.245969929725
60017.246933081566
60017.247259009804
60017.24726611398
60017.24787149371
60017.24810900297
60017.24826328538
60017.248307942784
60017.24863767785
60017.24866446952
60017.24912713374
60017.24938662703
60017.24939199277
60017.24943137356
60017.24955661083
60017.250115468574
60017.250116593576
60017.25015959242
60017.250202094736
60017.25053684947
60017.25073269554
60017.251154305486
60017.25173803129
60017.25176378593
60017.251937260466
60017.252427901774
60017.25276426334
60017.252779800845
60017.25315230698
60017.25360816681
60017.2539400675
60017.25416573879
60017.254266471435
60017.2546437065
60017.25480292641
60017.255020763434
60017.25551416957
60017.255856334035
60017.25594875533
60022.16397300706
60022.166221483545
60022.16662152347
60022.167248954145
60022.16854713492
60022.16872762334
60022.16879029232
60022.16999502402
60022.170930829685
60022.17123748362
60022.17167370364
60022.17221748615
60022.17221944333
60022.173348767516
60022.17414337295
60022.17437590049
60022.17441593197
60022.17495883139
60022.175230796776
60022.17571702362
60022.17658366725
60022.17723904815
60022.17732733241
60022.177662632756
60022.1777509522
60022.17805987925
60022.178297841194
60022.17864354374
60022.179394171166
60022.17976701735
60022.180427244304
60022.18113851027
60022.181366109
60022.181368489786
60022.18185104128
60022.18192040077
60022.18201483827
60022.18255131165
60022.18256689463
60022.18256783213
60022.18276239047
60022.18285874579
60022.18313925852
60022.18392065215
60022.18399047043
60022.18414453304
60022.185284124585
60022.185354070185
60022.185370772735
60022.186395220866
60022.18677671508
60022.18683265374
60022.18693565374
60022.187322771904
60022.18745816774
60022.18765616774
60022.18840338775
60022.189523033805
60022.190263153134
60022.1905766022
60022.190647713316
60022.19116500162
60022.19190653298
60022.19210142881
60022.192185060754
60022.19325908644
60022.193360229954
60022.19342373227
60022.1935590413
60022.193581387364
60022.194687147996
60022.19492639453
60022.194928288045
60022.195097548465
60022.195230197525
60022.195537599495
60022.195538477965
60022.195754611064
60022.19634824891
60022.19656732993
60022.19681701985
60022.197226607816
60022.19900854807
60022.19969883789
60022.19970037619
60022.19983166034
60022.20097099841
60022.20149368024
60022.20183849042
60022.202065463905
60022.2025678065
60022.202824179294
60022.20387037037
60022.2039015544
60022.20422000729
60022.204259087615
60022.20435588784
60022.20484672465
60022.20484795845
60022.20484959155